System Time,RDTSC,Elapsed Time (sec),IA Frequency_0 (MHz),Processor Power_0 (Watt),Cumulative Processor Energy_0 (Joules),Cumulative Processor Energy_0 (mWh),IA Power_0 (Watt),Cumulative IA Energy_0 (Joules),Cumulative IA Energy_0(mWh),GT Power_0 (Watt),Cumulative GT Energy_0 (Joules),Cumulative GT Energy_0(mWh)
10:39:04:216,999237693767528,1.0015,2039,1.8223,1.8225,0.5063,0.1872,0.1872,0.0520,0.0000,0.0000,0.0000,
10:39:05:217,999240896676503,2.0025,3558,20.0666,21.8989,6.0830,11.1688,11.3615,3.1560,0.0000,0.0000,0.0000,
10:39:06:218,999244099706458,3.0034,1605,2.2733,24.1727,6.7146,0.3202,11.6818,3.2449,0.0000,0.0000,0.0000,
10:39:07:220,999247305751024,4.0053,1341,1.9521,26.1254,7.2570,0.2784,11.9603,3.3223,0.0000,0.0000,0.0000,
10:39:08:221,999250508646897,5.0062,3343,3.2143,29.3412,8.1503,0.8545,12.8152,3.5598,0.0000,0.0000,0.0000,
10:39:09:223,999253714568784,6.0081,1773,1.3784,30.7199,8.5333,0.0553,12.8705,3.5751,0.0000,0.0000,0.0000,
10:39:10:224,999256920352976,7.0099,970,1.2829,32.0035,8.8899,0.0008,12.8713,3.5754,0.0000,0.0000,0.0000,
10:39:11:226,999260125503838,8.0115,1016,1.2949,33.2990,9.2497,0.0002,12.8715,3.5754,0.0000,0.0000,0.0000,
10:39:12:227,999263329408824,9.0127,1334,1.3180,34.6175,9.6160,0.0036,12.8751,3.5764,0.0000,0.0000,0.0000,
10:39:13:229,999266535674992,10.0147,808,1.3145,35.9324,9.9812,0.0038,12.8790,3.5775,0.0000,0.0000,0.0000,
10:39:14:231,999269741912368,11.0166,850,1.2944,37.2275,10.3410,0.0000,12.8790,3.5775,0.0000,0.0000,0.0000,
10:39:15:233,999272946427155,12.0180,903,1.3052,38.5334,10.7037,0.0001,12.8790,3.5775,0.0000,0.0000,0.0000,
10:39:16:234,999276150275608,13.0192,2269,1.7646,40.2986,11.1941,0.1474,13.0265,3.6185,0.0000,0.0000,0.0000,
10:39:17:236,999279356408288,14.0211,1072,1.2764,41.5754,11.5487,0.0004,13.0269,3.6186,0.0000,0.0000,0.0000,
10:39:18:238,999282563214352,15.0233,840,1.3062,42.8822,11.9117,0.0000,13.0269,3.6186,0.0000,0.0000,0.0000,
10:39:19:240,999285768909544,16.0251,991,1.3029,44.1858,12.2738,0.0042,13.0311,3.6197,0.0000,0.0000,0.0000,
10:39:20:241,999288972690095,17.0263,2535,4.0406,48.2281,13.3967,1.2715,14.3031,3.9731,0.0000,0.0000,0.0000,
10:39:21:242,999292175617536,18.0272,2621,1.7921,50.0207,13.8946,0.2198,14.5229,4.0342,0.0000,0.0000,0.0000,
10:39:22:243,999295378672538,19.0281,1887,2.2634,52.2847,14.5235,0.3883,14.9113,4.1420,0.0000,0.0000,0.0000,
10:39:23:244,999298583355221,20.0296,1109,3.6069,55.8926,15.5257,1.0905,16.0021,4.4450,0.0000,0.0000,0.0000,
10:39:24:245,999301786022868,21.0304,2874,2.8603,58.7540,16.3205,0.6427,16.6450,4.6236,0.0000,0.0000,0.0000,
10:39:25:246,999304988023389,22.0311,3032,5.4258,64.1809,17.8280,1.9218,18.5672,5.1576,0.0000,0.0000,0.0000,
10:39:26:247,999308192225164,23.0324,1454,2.4951,66.6765,18.5213,0.5244,19.0917,5.3032,0.0000,0.0000,0.0000,
10:39:27:249,999311398069352,24.0342,1183,1.1956,67.8726,18.8535,0.0040,19.0957,5.3044,0.0000,0.0000,0.0000,
10:39:28:251,999314604880016,25.0363,1223,2.0658,69.9394,19.4276,0.3924,19.4883,5.4134,0.0000,0.0000,0.0000,
10:39:29:252,999317807800817,26.0372,1902,1.6296,71.5698,19.8805,0.1737,19.6621,5.4617,0.0000,0.0000,0.0000,
10:39:30:253,999321010778368,27.0382,2163,2.7543,74.3246,20.6457,0.6190,20.2812,5.6337,0.0000,0.0000,0.0000,
10:39:31:255,999324216732208,28.0400,1946,2.4715,76.7968,21.3324,0.5270,20.8084,5.7801,0.0000,0.0000,0.0000,
10:39:32:256,999327420261682,29.0411,2976,1.8621,78.6598,21.8499,0.2837,21.0923,5.8590,0.0000,0.0000,0.0000,
10:39:33:258,999330626327552,30.0430,811,1.2352,79.8953,22.1931,0.0267,21.1190,5.8664,0.0000,0.0000,0.0000,
10:39:34:259,999333832078528,31.0448,1092,1.3385,81.2345,22.5651,0.0189,21.1379,5.8716,0.0000,0.0000,0.0000,
10:39:35:261,999337037355197,32.0465,970,1.1866,82.4216,22.8949,0.0014,21.1393,5.8720,0.0000,0.0000,0.0000,
10:39:36:263,999340243804336,33.0485,956,1.3111,83.7332,23.2592,0.0265,21.1659,5.8794,0.0000,0.0000,0.0000,
10:39:37:264,999343446744913,34.0494,2234,1.8926,85.6268,23.7852,0.2363,21.4023,5.9451,0.0000,0.0000,0.0000,
10:39:38:265,999346650768736,35.0507,1754,2.0562,87.6834,24.3565,0.3257,21.7281,6.0356,0.0000,0.0000,0.0000,
10:39:39:266,999349854190576,36.0517,1551,1.9298,89.6139,24.8927,0.2950,22.0233,6.1176,0.0000,0.0000,0.0000,
10:39:40:268,999353060212208,37.0536,1148,2.1990,91.8135,25.5038,0.4090,22.4324,6.2312,0.0000,0.0000,0.0000,
10:39:41:269,999356263168509,38.0546,3400,1.8135,93.6279,26.0077,0.2177,22.6501,6.2917,0.0000,0.0000,0.0000,
10:39:42:270,999359466495416,39.0556,1657,1.6990,95.3272,26.4798,0.1685,22.8187,6.3385,0.0000,0.0000,0.0000,
10:39:43:271,999362669457920,40.0565,3204,2.2502,97.5781,27.1050,0.4010,23.2198,6.4499,0.0000,0.0000,0.0000,
10:39:44:272,999365871607872,41.0572,3600,3.5256,101.1046,28.0846,1.0243,24.2443,6.7345,0.0000,0.0000,0.0000,
10:39:45:273,999369076641256,42.0588,901,1.7990,102.9041,28.5845,0.2282,24.4726,6.7979,0.0000,0.0000,0.0000,
10:39:46:275,999372282639664,43.0606,890,1.2374,104.1420,28.9283,0.0138,24.4864,6.8018,0.0000,0.0000,0.0000,
10:39:47:277,999375488042656,44.0623,990,1.4564,105.5991,29.3331,0.0882,24.5746,6.8263,0.0000,0.0000,0.0000,
10:39:48:278,999378690652264,45.0632,3515,5.4069,111.0082,30.8356,1.9139,26.4893,7.3581,0.0000,0.0000,0.0000,
10:39:49:279,999381893952473,46.0642,2003,1.5443,112.5528,31.2647,0.0958,26.5851,7.3847,0.0000,0.0000,0.0000,
10:39:50:280,999385097223880,47.0652,2623,2.0843,114.6378,31.8438,0.3690,26.9542,7.4873,0.0000,0.0000,0.0000,
10:39:51:282,999388303446224,48.0671,1319,1.5832,116.2215,32.2837,0.1336,27.0879,7.5244,0.0000,0.0000,0.0000,
10:39:52:284,999391510196384,49.0693,862,1.1766,117.3987,32.6107,0.0002,27.0881,7.5245,0.0000,0.0000,0.0000,
10:39:53:286,999394717009888,50.0714,1327,1.4703,118.8698,33.0194,0.0971,27.1852,7.5514,0.0000,0.0000,0.0000,
10:39:54:288,999397921862154,51.0729,2533,1.4420,120.3125,33.4201,0.0611,27.2463,7.5684,0.0000,0.0000,0.0000,
10:39:55:289,999401128205488,52.0749,861,1.1558,121.4687,33.7413,0.0005,27.2469,7.5686,0.0000,0.0000,0.0000,
10:39:56:291,999404334365728,53.0768,938,1.1899,122.6592,34.0720,0.0040,27.2509,7.5697,0.0000,0.0000,0.0000,
10:39:57:294,999407541053456,54.0789,883,1.1439,123.8036,34.3899,0.0000,27.2509,7.5697,0.0000,0.0000,0.0000,
10:39:58:295,999410746788980,55.0807,1385,1.3573,125.1617,34.7671,0.0262,27.2771,7.5770,0.0000,0.0000,0.0000,
10:39:59:297,999413953391488,56.0828,1058,1.1481,126.3103,35.0862,0.0015,27.2786,7.5774,0.0000,0.0000,0.0000,
10:40:00:298,999417156269902,57.0837,1800,1.4225,127.7335,35.4815,0.0805,27.3592,7.5998,0.0000,0.0000,0.0000,
10:40:01:300,999420362105696,58.0855,1079,3.0850,130.8191,36.3386,0.8020,28.1614,7.8226,0.0000,0.0000,0.0000,
10:40:02:302,999423567315072,59.0871,1120,1.1721,131.9918,36.6644,0.0019,28.1633,7.8231,0.0000,0.0000,0.0000,
10:40:03:303,999426771561678,60.0885,2805,3.0946,135.0876,37.5243,0.7849,28.9485,8.0412,0.0000,0.0000,0.0000,
10:40:04:304,999429974374612,61.0893,1412,1.3429,136.4310,37.8975,0.0362,28.9847,8.0513,0.0000,0.0000,0.0000,
10:40:05:305,999433177694205,62.0904,2182,3.4340,139.8659,38.8516,0.9649,29.9498,8.3194,0.0000,0.0000,0.0000,
10:40:06:306,999436382408158,63.0919,1384,1.5021,141.3685,39.2690,0.0798,30.0297,8.3416,0.0000,0.0000,0.0000,
10:40:07:308,999439588853568,64.0939,1099,1.5740,142.9431,39.7064,0.1467,30.1764,8.3823,0.0000,0.0000,0.0000,
10:40:08:310,999442794391796,65.0956,1125,1.1534,144.0972,40.0270,0.0019,30.1783,8.3829,0.0000,0.0000,0.0000,
10:40:09:312,999445999455680,66.0972,899,1.1933,145.2910,40.3586,0.0073,30.1855,8.3849,0.0000,0.0000,0.0000,
10:40:10:314,999449206002752,67.0992,1287,1.4929,146.7845,40.7735,0.1199,30.3055,8.4182,0.0000,0.0000,0.0000,
10:40:11:316,999452411786576,68.1010,998,1.1999,147.9850,41.1070,0.0081,30.3136,8.4204,0.0000,0.0000,0.0000,
10:40:12:318,999455618393712,69.1031,1078,1.1990,149.1846,41.4402,0.0015,30.3151,8.4209,0.0000,0.0000,0.0000,
10:40:13:319,999458821234929,70.1040,3091,1.4733,150.6586,41.8496,0.0869,30.4020,8.4450,0.0000,0.0000,0.0000,
10:40:14:320,999462025704242,71.1054,913,1.2042,151.8630,42.1842,0.0087,30.4107,8.4474,0.0000,0.0000,0.0000,
10:40:15:322,999465231644832,72.1073,816,1.1632,153.0267,42.5074,0.0002,30.4109,8.4475,0.0000,0.0000,0.0000,
10:40:16:323,999468435091718,73.1083,1224,1.2027,154.2300,42.8417,0.0050,30.4159,8.4489,0.0000,0.0000,0.0000,
10:40:17:344,999471702494262,74.1294,3087,1.6532,155.9167,43.3102,0.1587,30.5778,8.4938,0.0000,0.0000,0.0000,
10:40:18:345,999474905303034,75.1303,2094,1.3629,157.2800,43.6889,0.0616,30.6394,8.5109,0.0000,0.0000,0.0000,
10:40:19:347,999478110839904,76.1320,800,1.2787,158.5590,44.0442,0.0376,30.6771,8.5214,0.0000,0.0000,0.0000,
10:40:20:349,999481317486048,77.1341,910,1.1587,159.7182,44.3662,0.0005,30.6776,8.5216,0.0000,0.0000,0.0000,
10:40:21:351,999484523816448,78.1361,1456,1.2528,160.9717,44.7144,0.0144,30.6920,8.5256,0.0000,0.0000,0.0000,
10:40:22:353,999487730431712,79.1381,848,1.1564,162.1287,45.0358,0.0000,30.6920,8.5256,0.0000,0.0000,0.0000,
10:40:23:354,999490935135987,80.1396,1566,1.6262,163.7558,45.4877,0.1037,30.7958,8.5544,0.0000,0.0000,0.0000,
10:40:24:355,999494137468465,81.1403,3431,6.1554,169.9132,47.1981,2.1435,32.9399,9.1500,0.0000,0.0000,0.0000,
10:40:25:356,999497339501425,82.1410,1550,1.3071,171.2206,47.5613,0.0240,32.9640,9.1567,0.0000,0.0000,0.0000,
10:40:26:357,999500545489280,83.1428,1158,1.3922,172.6131,47.9481,0.0688,33.0328,9.1758,0.0000,0.0000,0.0000,
10:40:27:358,999503748382664,84.1438,3591,11.7474,184.3662,51.2128,4.8819,37.9171,10.5325,0.0000,0.0000,0.0000,
10:40:28:359,999506950325024,85.1444,3596,13.6312,197.9998,54.9999,5.6516,43.5696,12.1027,0.0000,0.0000,0.0000,
